代码,简称,日期,收盘价(元),
300188.SZ,美亚柏科,20110316,6.1694,
300188.SZ,美亚柏科,20110317,6.1583,
300188.SZ,美亚柏科,20110318,6.6496,
300188.SZ,美亚柏科,20110321,6.6841,
300188.SZ,美亚柏科,20110322,6.7087,
300188.SZ,美亚柏科,20110323,6.6496,
300188.SZ,美亚柏科,20110324,6.9796,
300188.SZ,美亚柏科,20110325,6.859,
300188.SZ,美亚柏科,20110328,6.3221,
300188.SZ,美亚柏科,20110329,6.1571,
300188.SZ,美亚柏科,20110330,5.9194,
300188.SZ,美亚柏科,20110331,6.0241,
300188.SZ,美亚柏科,20110401,6.0462,
300188.SZ,美亚柏科,20110406,5.7876,
300188.SZ,美亚柏科,20110407,5.9169,
300188.SZ,美亚柏科,20110408,5.9108,
300188.SZ,美亚柏科,20110411,5.7113,
300188.SZ,美亚柏科,20110412,5.811,
300188.SZ,美亚柏科,20110413,6.0339,
300188.SZ,美亚柏科,20110414,6.0585,
300188.SZ,美亚柏科,20110415,6.0684,
300188.SZ,美亚柏科,20110418,5.9908,
300188.SZ,美亚柏科,20110419,5.843,
300188.SZ,美亚柏科,20110420,5.8985,
300188.SZ,美亚柏科,20110421,5.9489,
300188.SZ,美亚柏科,20110422,5.9588,
300188.SZ,美亚柏科,20110425,5.9847,
300188.SZ,美亚柏科,20110426,5.7876,
300188.SZ,美亚柏科,20110427,5.763,
300188.SZ,美亚柏科,20110428,5.7211,
300188.SZ,美亚柏科,20110429,5.7125,
300188.SZ,美亚柏科,20110503,5.7864,
300188.SZ,美亚柏科,20110504,5.747,
300188.SZ,美亚柏科,20110505,5.747,
300188.SZ,美亚柏科,20110506,5.779,
300188.SZ,美亚柏科,20110509,5.9219,
300188.SZ,美亚柏科,20110510,5.8738,
300188.SZ,美亚柏科,20110511,5.7137,
300188.SZ,美亚柏科,20110512,5.7027,
300188.SZ,美亚柏科,20110513,5.7753,
300188.SZ,美亚柏科,20110516,5.8172,
300188.SZ,美亚柏科,20110517,5.7852,
300188.SZ,美亚柏科,20110518,5.7839,
300188.SZ,美亚柏科,20110519,5.5684,
300188.SZ,美亚柏科,20110520,5.364,
300188.SZ,美亚柏科,20110523,5.1498,
300188.SZ,美亚柏科,20110524,5.2286,
300188.SZ,美亚柏科,20110525,5.0155,
300188.SZ,美亚柏科,20110526,4.8148,
300188.SZ,美亚柏科,20110527,4.667,
300188.SZ,美亚柏科,20110530,4.6781,
300188.SZ,美亚柏科,20110531,4.5304,
300188.SZ,美亚柏科,20110601,4.7262,
300188.SZ,美亚柏科,20110602,4.6006,
300188.SZ,美亚柏科,20110603,4.6658,
300188.SZ,美亚柏科,20110607,4.7877,
300188.SZ,美亚柏科,20110608,4.7988,
300188.SZ,美亚柏科,20110609,4.5919,
300188.SZ,美亚柏科,20110610,4.6535,
300188.SZ,美亚柏科,20110613,4.5784,
300188.SZ,美亚柏科,20110614,4.5809,
300188.SZ,美亚柏科,20110615,4.5858,
300188.SZ,美亚柏科,20110616,4.5439,
300188.SZ,美亚柏科,20110617,4.5045,
300188.SZ,美亚柏科,20110620,4.4208,
300188.SZ,美亚柏科,20110621,4.4651,
300188.SZ,美亚柏科,20110622,4.4811,
300188.SZ,美亚柏科,20110623,4.6695,
300188.SZ,美亚柏科,20110624,4.7262,
300188.SZ,美亚柏科,20110627,4.6794,
300188.SZ,美亚柏科,20110628,4.5969,
300188.SZ,美亚柏科,20110629,4.4799,
300188.SZ,美亚柏科,20110630,4.4799,
300188.SZ,美亚柏科,20110701,4.5316,
300188.SZ,美亚柏科,20110704,4.6449,
300188.SZ,美亚柏科,20110705,4.7225,
300188.SZ,美亚柏科,20110706,4.7274,
300188.SZ,美亚柏科,20110707,4.9256,
300188.SZ,美亚柏科,20110708,4.9195,
300188.SZ,美亚柏科,20110711,4.8641,
300188.SZ,美亚柏科,20110712,4.6806,
300188.SZ,美亚柏科,20110713,4.7397,
300188.SZ,美亚柏科,20110714,4.8641,
300188.SZ,美亚柏科,20110715,4.9503,
300188.SZ,美亚柏科,20110718,5.1572,
300188.SZ,美亚柏科,20110719,5.018,
300188.SZ,美亚柏科,20110720,5.135,
300188.SZ,美亚柏科,20110721,4.9256,
300188.SZ,美亚柏科,20110722,4.9195,
300188.SZ,美亚柏科,20110725,4.7656,
300188.SZ,美亚柏科,20110726,4.6781,
300188.SZ,美亚柏科,20110727,4.7619,
300188.SZ,美亚柏科,20110728,4.7262,
300188.SZ,美亚柏科,20110729,4.6646,
300188.SZ,美亚柏科,20110801,4.7717,
300188.SZ,美亚柏科,20110802,4.7914,
300188.SZ,美亚柏科,20110803,4.9909,
300188.SZ,美亚柏科,20110804,4.9909,
300188.SZ,美亚柏科,20110805,4.9355,
300188.SZ,美亚柏科,20110808,4.7779,
300188.SZ,美亚柏科,20110809,4.7865,
300188.SZ,美亚柏科,20110810,4.9503,
300188.SZ,美亚柏科,20110811,5.087,
300188.SZ,美亚柏科,20110812,5.3776,
300188.SZ,美亚柏科,20110815,5.5647,
300188.SZ,美亚柏科,20110816,5.3714,
300188.SZ,美亚柏科,20110817,5.4157,
300188.SZ,美亚柏科,20110818,5.3025,
300188.SZ,美亚柏科,20110819,5.2803,
300188.SZ,美亚柏科,20110822,5.2495,
300188.SZ,美亚柏科,20110823,5.3234,
300188.SZ,美亚柏科,20110824,5.2815,
300188.SZ,美亚柏科,20110825,5.4182,
300188.SZ,美亚柏科,20110826,5.4773,
300188.SZ,美亚柏科,20110829,5.4552,
300188.SZ,美亚柏科,20110830,5.3936,
300188.SZ,美亚柏科,20110831,5.3295,
300188.SZ,美亚柏科,20110901,5.3295,
300188.SZ,美亚柏科,20110902,5.2926,
300188.SZ,美亚柏科,20110905,5.1682,
300188.SZ,美亚柏科,20110906,4.9355,
300188.SZ,美亚柏科,20110907,5.05,
300188.SZ,美亚柏科,20110908,4.9786,
300188.SZ,美亚柏科,20110909,4.8862,
300188.SZ,美亚柏科,20110913,4.7816,
300188.SZ,美亚柏科,20110914,4.8431,
300188.SZ,美亚柏科,20110915,4.9367,
300188.SZ,美亚柏科,20110916,4.9564,
300188.SZ,美亚柏科,20110919,4.789,
300188.SZ,美亚柏科,20110920,4.7619,
300188.SZ,美亚柏科,20110921,4.901,
300188.SZ,美亚柏科,20110922,4.7286,
300188.SZ,美亚柏科,20110923,4.6855,
300188.SZ,美亚柏科,20110926,4.6067,
300188.SZ,美亚柏科,20110927,4.6424,
300188.SZ,美亚柏科,20110928,4.5316,
300188.SZ,美亚柏科,20110929,4.4085,
300188.SZ,美亚柏科,20110930,4.3247,
300188.SZ,美亚柏科,20111010,4.3075,
300188.SZ,美亚柏科,20111011,4.2865,
300188.SZ,美亚柏科,20111012,4.3961,
300188.SZ,美亚柏科,20111013,4.47,
300188.SZ,美亚柏科,20111014,4.4762,
300188.SZ,美亚柏科,20111017,4.4799,
300188.SZ,美亚柏科,20111018,4.2705,
300188.SZ,美亚柏科,20111019,4.2053,
300188.SZ,美亚柏科,20111020,4.0156,
300188.SZ,美亚柏科,20111021,3.8789,
300188.SZ,美亚柏科,20111024,3.959,
300188.SZ,美亚柏科,20111025,4.1178,
300188.SZ,美亚柏科,20111026,4.1388,
300188.SZ,美亚柏科,20111027,4.1843,
300188.SZ,美亚柏科,20111028,4.2434,
300188.SZ,美亚柏科,20111031,4.3112,
300188.SZ,美亚柏科,20111101,4.5045,
300188.SZ,美亚柏科,20111102,4.704,
300188.SZ,美亚柏科,20111103,4.7483,
300188.SZ,美亚柏科,20111104,4.7717,
300188.SZ,美亚柏科,20111107,4.7532,
300188.SZ,美亚柏科,20111108,4.6301,
300188.SZ,美亚柏科,20111109,4.7569,
300188.SZ,美亚柏科,20111110,4.7619,
300188.SZ,美亚柏科,20111111,4.7766,
300188.SZ,美亚柏科,20111114,5.018,
300188.SZ,美亚柏科,20111115,5.0636,
300188.SZ,美亚柏科,20111116,4.8776,
300188.SZ,美亚柏科,20111117,4.9663,
300188.SZ,美亚柏科,20111118,4.7902,
300188.SZ,美亚柏科,20111121,4.8641,
300188.SZ,美亚柏科,20111122,4.9626,
300188.SZ,美亚柏科,20111123,4.9527,
300188.SZ,美亚柏科,20111124,4.8518,
300188.SZ,美亚柏科,20111125,4.8887,
300188.SZ,美亚柏科,20111128,4.9823,
300188.SZ,美亚柏科,20111129,5.3751,
300188.SZ,美亚柏科,20111130,5.199,
300188.SZ,美亚柏科,20111201,5.3554,
300188.SZ,美亚柏科,20111202,5.252,
300188.SZ,美亚柏科,20111205,4.8247,
300188.SZ,美亚柏科,20111206,4.8641,
300188.SZ,美亚柏科,20111207,4.7508,
300188.SZ,美亚柏科,20111208,4.8973,
300188.SZ,美亚柏科,20111209,5.0439,
300188.SZ,美亚柏科,20111212,4.9798,
300188.SZ,美亚柏科,20111213,4.7631,
300188.SZ,美亚柏科,20111214,4.7594,
300188.SZ,美亚柏科,20111215,4.6535,
300188.SZ,美亚柏科,20111216,4.8924,
300188.SZ,美亚柏科,20111219,4.9626,
300188.SZ,美亚柏科,20111220,4.8616,
300188.SZ,美亚柏科,20111221,4.6794,
300188.SZ,美亚柏科,20111222,4.5131,
300188.SZ,美亚柏科,20111223,4.5045,
300188.SZ,美亚柏科,20111226,4.47,
300188.SZ,美亚柏科,20111227,4.2459,
300188.SZ,美亚柏科,20111228,4.1905,
300188.SZ,美亚柏科,20111229,4.2582,
300188.SZ,美亚柏科,20111230,4.3654,
300188.SZ,美亚柏科,20120104,4.342,
300188.SZ,美亚柏科,20120105,4.076,
300188.SZ,美亚柏科,20120106,4.1191,
300188.SZ,美亚柏科,20120109,4.406,
300188.SZ,美亚柏科,20120110,4.5144,
300188.SZ,美亚柏科,20120111,4.5144,
300188.SZ,美亚柏科,20120112,4.4503,
300188.SZ,美亚柏科,20120113,4.1868,
300188.SZ,美亚柏科,20120116,3.9405,
300188.SZ,美亚柏科,20120117,4.1265,
300188.SZ,美亚柏科,20120118,3.8543,
300188.SZ,美亚柏科,20120119,3.7053,
300188.SZ,美亚柏科,20120120,3.8137,
300188.SZ,美亚柏科,20120130,3.9528,
300188.SZ,美亚柏科,20120131,3.9959,
300188.SZ,美亚柏科,20120201,3.9479,
300188.SZ,美亚柏科,20120202,4.0821,
300188.SZ,美亚柏科,20120203,4.1868,
300188.SZ,美亚柏科,20120206,4.2053,
300188.SZ,美亚柏科,20120207,4.1659,
300188.SZ,美亚柏科,20120208,4.2595,
300188.SZ,美亚柏科,20120209,4.2804,
300188.SZ,美亚柏科,20120210,4.2915,
300188.SZ,美亚柏科,20120213,4.4121,
300188.SZ,美亚柏科,20120214,4.3888,
300188.SZ,美亚柏科,20120215,4.4848,
300188.SZ,美亚柏科,20120216,4.422,
300188.SZ,美亚柏科,20120217,4.4072,
300188.SZ,美亚柏科,20120220,4.4072,
300188.SZ,美亚柏科,20120221,4.5562,
300188.SZ,美亚柏科,20120222,4.6806,
300188.SZ,美亚柏科,20120223,4.6486,
300188.SZ,美亚柏科,20120224,4.7508,
300188.SZ,美亚柏科,20120227,4.704,
300188.SZ,美亚柏科,20120228,4.6116,
300188.SZ,美亚柏科,20120229,4.5402,
300188.SZ,美亚柏科,20120301,4.603,
300188.SZ,美亚柏科,20120302,4.6769,
300188.SZ,美亚柏科,20120305,4.6203,
300188.SZ,美亚柏科,20120306,4.5439,
300188.SZ,美亚柏科,20120307,4.6621,
300188.SZ,美亚柏科,20120308,4.6683,
300188.SZ,美亚柏科,20120309,4.8407,
300188.SZ,美亚柏科,20120312,4.8801,
300188.SZ,美亚柏科,20120313,4.8641,
300188.SZ,美亚柏科,20120314,4.6338,
300188.SZ,美亚柏科,20120315,5.071,
300188.SZ,美亚柏科,20120316,5.0636,
300188.SZ,美亚柏科,20120319,5.0771,
300188.SZ,美亚柏科,20120320,4.9269,
300188.SZ,美亚柏科,20120321,4.7779,
300188.SZ,美亚柏科,20120322,4.8136,
300188.SZ,美亚柏科,20120323,4.704,
300188.SZ,美亚柏科,20120326,4.8148,
300188.SZ,美亚柏科,20120327,4.8247,
300188.SZ,美亚柏科,20120328,4.4823,
300188.SZ,美亚柏科,20120329,4.47,
300188.SZ,美亚柏科,20120330,4.47,
300188.SZ,美亚柏科,20120405,4.5057,
300188.SZ,美亚柏科,20120406,4.5858,
300188.SZ,美亚柏科,20120409,4.4577,
300188.SZ,美亚柏科,20120410,4.4146,
300188.SZ,美亚柏科,20120411,4.3666,
300188.SZ,美亚柏科,20120412,4.5378,
300188.SZ,美亚柏科,20120413,4.5402,
300188.SZ,美亚柏科,20120416,4.7422,
300188.SZ,美亚柏科,20120417,4.6584,
300188.SZ,美亚柏科,20120418,4.8111,
300188.SZ,美亚柏科,20120419,4.7939,
300188.SZ,美亚柏科,20120420,4.8333,
300188.SZ,美亚柏科,20120423,4.704,
300188.SZ,美亚柏科,20120424,4.7643,
300188.SZ,美亚柏科,20120425,4.9872,
300188.SZ,美亚柏科,20120426,4.869,
300188.SZ,美亚柏科,20120427,5.0476,
300188.SZ,美亚柏科,20120502,5.1535,
300188.SZ,美亚柏科,20120503,5.0008,
300188.SZ,美亚柏科,20120504,5.1165,
300188.SZ,美亚柏科,20120507,5.2027,
300188.SZ,美亚柏科,20120508,5.2039,
300188.SZ,美亚柏科,20120509,5.0389,
300188.SZ,美亚柏科,20120510,5.0476,
300188.SZ,美亚柏科,20120511,5.0414,
300188.SZ,美亚柏科,20120514,5.0094,
300188.SZ,美亚柏科,20120515,4.9133,
300188.SZ,美亚柏科,20120516,4.8431,
300188.SZ,美亚柏科,20120517,4.9749,
300188.SZ,美亚柏科,20120518,4.9897,
300188.SZ,美亚柏科,20120521,5.2483,
300188.SZ,美亚柏科,20120522,5.4724,
300188.SZ,美亚柏科,20120523,5.5635,
300188.SZ,美亚柏科,20120524,5.5635,
300188.SZ,美亚柏科,20120525,5.5229,
300188.SZ,美亚柏科,20120528,5.529,
300188.SZ,美亚柏科,20120529,5.4798,
300188.SZ,美亚柏科,20120530,5.5364,
300188.SZ,美亚柏科,20120531,5.369,
300188.SZ,美亚柏科,20120601,5.3887,
300188.SZ,美亚柏科,20120604,5.5278,
300188.SZ,美亚柏科,20120605,5.5167,
300188.SZ,美亚柏科,20120606,5.398,
300188.SZ,美亚柏科,20120607,5.4227,
300188.SZ,美亚柏科,20120608,5.6033,
300188.SZ,美亚柏科,20120611,5.6849,
300188.SZ,美亚柏科,20120612,5.9447,
300188.SZ,美亚柏科,20120613,5.9373,
300188.SZ,美亚柏科,20120614,5.8705,
300188.SZ,美亚柏科,20120615,5.9546,
300188.SZ,美亚柏科,20120618,5.8606,
300188.SZ,美亚柏科,20120619,5.8359,
300188.SZ,美亚柏科,20120620,5.8606,
300188.SZ,美亚柏科,20120621,5.7023,
300188.SZ,美亚柏科,20120625,5.4425,
300188.SZ,美亚柏科,20120626,5.4648,
300188.SZ,美亚柏科,20120627,5.5687,
300188.SZ,美亚柏科,20120628,5.5885,
300188.SZ,美亚柏科,20120629,5.7715,
300188.SZ,美亚柏科,20120702,5.9274,
300188.SZ,美亚柏科,20120703,5.873,
300188.SZ,美亚柏科,20120704,5.6899,
300188.SZ,美亚柏科,20120705,5.5415,
300188.SZ,美亚柏科,20120706,5.6429,
300188.SZ,美亚柏科,20120709,5.6899,
300188.SZ,美亚柏科,20120710,5.8383,
300188.SZ,美亚柏科,20120711,6.0214,
300188.SZ,美亚柏科,20120712,5.9398,
300188.SZ,美亚柏科,20120713,5.9645,
300188.SZ,美亚柏科,20120716,5.8383,
300188.SZ,美亚柏科,20120717,5.779,
300188.SZ,美亚柏科,20120718,5.6899,
300188.SZ,美亚柏科,20120719,5.9125,
300188.SZ,美亚柏科,20120720,5.8779,
300188.SZ,美亚柏科,20120723,6.1822,
300188.SZ,美亚柏科,20120724,6.3578,
300188.SZ,美亚柏科,20120725,6.3776,
300188.SZ,美亚柏科,20120726,6.2762,
300188.SZ,美亚柏科,20120727,6.0016,
300188.SZ,美亚柏科,20120730,6.0041,
300188.SZ,美亚柏科,20120731,6.0066,
300188.SZ,美亚柏科,20120801,6.4024,
300188.SZ,美亚柏科,20120802,6.4568,
300188.SZ,美亚柏科,20120803,6.7784,
300188.SZ,美亚柏科,20120806,7.0307,
300188.SZ,美亚柏科,20120807,6.9293,
300188.SZ,美亚柏科,20120808,6.8155,
300188.SZ,美亚柏科,20120809,6.9392,
300188.SZ,美亚柏科,20120810,7.2732,
300188.SZ,美亚柏科,20120813,7.1371,
300188.SZ,美亚柏科,20120814,7.1717,
300188.SZ,美亚柏科,20120815,7.0258,
300188.SZ,美亚柏科,20120816,6.9466,
300188.SZ,美亚柏科,20120817,6.8229,
300188.SZ,美亚柏科,20120820,6.9738,
300188.SZ,美亚柏科,20120821,7.2361,
300188.SZ,美亚柏科,20120822,7.5354,
300188.SZ,美亚柏科,20120823,7.5082,
300188.SZ,美亚柏科,20120824,7.2707,
300188.SZ,美亚柏科,20120827,7.2732,
300188.SZ,美亚柏科,20120828,7.763,
300188.SZ,美亚柏科,20120829,7.6096,
300188.SZ,美亚柏科,20120830,6.9837,
300188.SZ,美亚柏科,20120831,6.9837,
300188.SZ,美亚柏科,20120903,7.4216,
300188.SZ,美亚柏科,20120904,7.2855,
300188.SZ,美亚柏科,20120905,7.3721,
300188.SZ,美亚柏科,20120906,7.001,
300188.SZ,美亚柏科,20120907,7.0901,
300188.SZ,美亚柏科,20120910,7.0901,
300188.SZ,美亚柏科,20120911,6.9714,
300188.SZ,美亚柏科,20120912,6.7982,
300188.SZ,美亚柏科,20120913,6.6423,
300188.SZ,美亚柏科,20120914,6.7289,
300188.SZ,美亚柏科,20120917,6.3826,
300188.SZ,美亚柏科,20120918,6.437,
300188.SZ,美亚柏科,20120919,6.5285,
300188.SZ,美亚柏科,20120920,6.3084,
300188.SZ,美亚柏科,20120921,6.2292,
300188.SZ,美亚柏科,20120924,6.3628,
300188.SZ,美亚柏科,20120925,6.1426,
300188.SZ,美亚柏科,20120926,5.7394,
300188.SZ,美亚柏科,20120927,5.9125,
300188.SZ,美亚柏科,20120928,6.0634,
300188.SZ,美亚柏科,20121008,6.2663,
300188.SZ,美亚柏科,20121009,6.5929,
300188.SZ,美亚柏科,20121010,6.6671,
300188.SZ,美亚柏科,20121011,6.6003,
300188.SZ,美亚柏科,20121012,5.9398,
300188.SZ,美亚柏科,20121015,5.6157,
300188.SZ,美亚柏科,20121016,5.6503,
300188.SZ,美亚柏科,20121017,5.6825,
300188.SZ,美亚柏科,20121018,5.7517,
300188.SZ,美亚柏科,20121019,5.7468,
300188.SZ,美亚柏科,20121022,5.7493,
300188.SZ,美亚柏科,20121023,5.6182,
300188.SZ,美亚柏科,20121024,5.4672,
300188.SZ,美亚柏科,20121025,5.5885,
300188.SZ,美亚柏科,20121026,5.6355,
300188.SZ,美亚柏科,20121029,5.7245,
300188.SZ,美亚柏科,20121030,5.7072,
300188.SZ,美亚柏科,20121031,5.5662,
300188.SZ,美亚柏科,20121101,5.7542,
300188.SZ,美亚柏科,20121102,5.7344,
300188.SZ,美亚柏科,20121105,5.5959,
300188.SZ,美亚柏科,20121106,5.4648,
300188.SZ,美亚柏科,20121107,5.3757,
300188.SZ,美亚柏科,20121108,5.2966,
300188.SZ,美亚柏科,20121109,5.1456,
300188.SZ,美亚柏科,20121112,5.2446,
300188.SZ,美亚柏科,20121113,5.2867,
300188.SZ,美亚柏科,20121114,5.2693,
300188.SZ,美亚柏科,20121115,5.257,
300188.SZ,美亚柏科,20121116,5.3139,
300188.SZ,美亚柏科,20121119,5.3089,
300188.SZ,美亚柏科,20121120,5.3955,
300188.SZ,美亚柏科,20121121,5.487,
300188.SZ,美亚柏科,20121122,5.3312,
300188.SZ,美亚柏科,20121123,5.3534,
300188.SZ,美亚柏科,20121126,5.2025,
300188.SZ,美亚柏科,20121127,4.8513,
300188.SZ,美亚柏科,20121128,4.7548,
300188.SZ,美亚柏科,20121129,4.7251,
300188.SZ,美亚柏科,20121130,4.8067,
300188.SZ,美亚柏科,20121203,4.7993,
300188.SZ,美亚柏科,20121204,4.8018,
300188.SZ,美亚柏科,20121205,5.2817,
300188.SZ,美亚柏科,20121206,5.2075,
300188.SZ,美亚柏科,20121207,5.2149,
300188.SZ,美亚柏科,20121210,5.5019,
300188.SZ,美亚柏科,20121211,5.586,
300188.SZ,美亚柏科,20121212,5.487,
300188.SZ,美亚柏科,20121213,5.3188,
300188.SZ,美亚柏科,20121214,5.6132,
300188.SZ,美亚柏科,20121217,5.534,
300188.SZ,美亚柏科,20121218,5.4351,
300188.SZ,美亚柏科,20121219,5.4623,
300188.SZ,美亚柏科,20121220,5.5316,
300188.SZ,美亚柏科,20121221,5.6107,
300188.SZ,美亚柏科,20121224,5.8878,
300188.SZ,美亚柏科,20121225,5.9645,
300188.SZ,美亚柏科,20121226,6.1352,
300188.SZ,美亚柏科,20121227,5.8928,
300188.SZ,美亚柏科,20121228,5.8952,
300188.SZ,美亚柏科,20121231,5.9373,
300188.SZ,美亚柏科,20130104,5.7938,
300188.SZ,美亚柏科,20130107,5.8284,
300188.SZ,美亚柏科,20130108,6.155,
300188.SZ,美亚柏科,20130109,6.1847,
300188.SZ,美亚柏科,20130110,6.0239,
300188.SZ,美亚柏科,20130111,5.8878,
300188.SZ,美亚柏科,20130114,6.0882,
300188.SZ,美亚柏科,20130115,6.2663,
300188.SZ,美亚柏科,20130116,6.1624,
300188.SZ,美亚柏科,20130117,5.9967,
300188.SZ,美亚柏科,20130118,5.8136,
300188.SZ,美亚柏科,20130121,5.7196,
300188.SZ,美亚柏科,20130122,5.7369,
300188.SZ,美亚柏科,20130123,5.8359,
300188.SZ,美亚柏科,20130124,5.7221,
300188.SZ,美亚柏科,20130125,5.7146,
300188.SZ,美亚柏科,20130128,5.7839,
300188.SZ,美亚柏科,20130129,6.1352,
300188.SZ,美亚柏科,20130130,6.197,
300188.SZ,美亚柏科,20130131,5.9595,
300188.SZ,美亚柏科,20130201,5.9101,
300188.SZ,美亚柏科,20130204,5.7047,
300188.SZ,美亚柏科,20130205,5.7889,
300188.SZ,美亚柏科,20130206,5.8136,
300188.SZ,美亚柏科,20130207,5.8631,
300188.SZ,美亚柏科,20130208,6.1797,
300188.SZ,美亚柏科,20130218,6.1723,
300188.SZ,美亚柏科,20130219,6.2045,
300188.SZ,美亚柏科,20130220,6.5533,
300188.SZ,美亚柏科,20130221,6.6052,
300188.SZ,美亚柏科,20130222,6.5755,
300188.SZ,美亚柏科,20130225,6.5434,
300188.SZ,美亚柏科,20130226,6.5508,
300188.SZ,美亚柏科,20130227,6.3578,
300188.SZ,美亚柏科,20130228,6.4321,
300188.SZ,美亚柏科,20130301,6.5731,
300188.SZ,美亚柏科,20130304,6.4914,
300188.SZ,美亚柏科,20130305,6.724,
300188.SZ,美亚柏科,20130306,6.8056,
300188.SZ,美亚柏科,20130307,6.5533,
300188.SZ,美亚柏科,20130308,6.4914,
300188.SZ,美亚柏科,20130311,6.3999,
300188.SZ,美亚柏科,20130312,6.2985,
300188.SZ,美亚柏科,20130313,6.3504,
300188.SZ,美亚柏科,20130314,6.3331,
300188.SZ,美亚柏科,20130315,6.3331,
300188.SZ,美亚柏科,20130318,6.296,
300188.SZ,美亚柏科,20130319,6.2836,
300188.SZ,美亚柏科,20130320,6.3826,
300188.SZ,美亚柏科,20130321,6.5038,
300188.SZ,美亚柏科,20130322,6.5434,
300188.SZ,美亚柏科,20130325,6.3752,
300188.SZ,美亚柏科,20130326,6.3331,
300188.SZ,美亚柏科,20130327,6.5508,
300188.SZ,美亚柏科,20130328,6.3331,
300188.SZ,美亚柏科,20130329,6.0189,
300188.SZ,美亚柏科,20130401,6.0164,
300188.SZ,美亚柏科,20130402,5.8581,
300188.SZ,美亚柏科,20130403,5.5019,
300188.SZ,美亚柏科,20130408,5.6132,
300188.SZ,美亚柏科,20130409,5.6379,
300188.SZ,美亚柏科,20130410,5.5637,
300188.SZ,美亚柏科,20130411,5.5217,
300188.SZ,美亚柏科,20130412,5.5736,
300188.SZ,美亚柏科,20130415,5.5464,
300188.SZ,美亚柏科,20130416,5.6404,
300188.SZ,美亚柏科,20130417,5.7567,
300188.SZ,美亚柏科,20130418,5.7517,
300188.SZ,美亚柏科,20130419,5.8408,
300188.SZ,美亚柏科,20130422,6.0461,
300188.SZ,美亚柏科,20130423,5.9125,
300188.SZ,美亚柏科,20130424,6.1401,
300188.SZ,美亚柏科,20130425,6.1105,
300188.SZ,美亚柏科,20130426,5.9868,
300188.SZ,美亚柏科,20130502,6.0857,
300188.SZ,美亚柏科,20130503,6.1476,
300188.SZ,美亚柏科,20130506,6.2688,
300188.SZ,美亚柏科,20130507,6.2292,
300188.SZ,美亚柏科,20130508,6.3826,
300188.SZ,美亚柏科,20130509,6.5137,
300188.SZ,美亚柏科,20130510,6.3603,
300188.SZ,美亚柏科,20130513,6.6794,
300188.SZ,美亚柏科,20130514,6.5533,
300188.SZ,美亚柏科,20130515,6.8922,
300188.SZ,美亚柏科,20130516,6.912,
300188.SZ,美亚柏科,20130517,7.3944,
300188.SZ,美亚柏科,20130520,7.7803,
300188.SZ,美亚柏科,20130521,7.6071,
300188.SZ,美亚柏科,20130522,7.2163,
300188.SZ,美亚柏科,20130523,7.2089,
300188.SZ,美亚柏科,20130524,7.6393,
300188.SZ,美亚柏科,20130527,7.9683,
300188.SZ,美亚柏科,20130528,7.5577,
300188.SZ,美亚柏科,20130529,7.7185,
300188.SZ,美亚柏科,20130530,7.6269,
300188.SZ,美亚柏科,20130531,7.7185,
300188.SZ,美亚柏科,20130603,7.9164,
300188.SZ,美亚柏科,20130604,7.1247,
300188.SZ,美亚柏科,20130605,7.1099,
300188.SZ,美亚柏科,20130606,7.1445,
300188.SZ,美亚柏科,20130607,6.9805,
300188.SZ,美亚柏科,20130613,6.7716,
300188.SZ,美亚柏科,20130614,7.3981,
300188.SZ,美亚柏科,20130617,7.5124,
300188.SZ,美亚柏科,20130618,7.8555,
300188.SZ,美亚柏科,20130619,7.9002,
300188.SZ,美亚柏科,20130620,8.0743,
300188.SZ,美亚柏科,20130621,8.8797,
300188.SZ,美亚柏科,20130624,9.1581,
300188.SZ,美亚柏科,20130625,8.5814,
300188.SZ,美亚柏科,20130626,8.9742,
300188.SZ,美亚柏科,20130627,9.0289,
300188.SZ,美亚柏科,20130628,8.124,
300188.SZ,美亚柏科,20130701,8.0991,
300188.SZ,美亚柏科,20130702,8.1986,
300188.SZ,美亚柏科,20130703,8.119,
300188.SZ,美亚柏科,20130704,7.6865,
300188.SZ,美亚柏科,20130705,7.766,
300188.SZ,美亚柏科,20130708,7.2788,
300188.SZ,美亚柏科,20130709,7.1992,
300188.SZ,美亚柏科,20130710,7.2738,
300188.SZ,美亚柏科,20130711,7.3533,
300188.SZ,美亚柏科,20130712,7.4478,
300188.SZ,美亚柏科,20130715,7.7958,
300188.SZ,美亚柏科,20130716,8.0345,
300188.SZ,美亚柏科,20130717,8.2532,
300188.SZ,美亚柏科,20130718,8.9394,
300188.SZ,美亚柏科,20130719,8.4024,
300188.SZ,美亚柏科,20130722,8.7206,
300188.SZ,美亚柏科,20130723,8.7952,
300188.SZ,美亚柏科,20130724,8.8698,
300188.SZ,美亚柏科,20130725,7.9848,
300188.SZ,美亚柏科,20130726,7.7411,
300188.SZ,美亚柏科,20130729,7.5274,
300188.SZ,美亚柏科,20130730,7.3136,
300188.SZ,美亚柏科,20130731,7.4975,
300188.SZ,美亚柏科,20130801,7.8605,
300188.SZ,美亚柏科,20130802,8.0395,
300188.SZ,美亚柏科,20130805,8.4422,
300188.SZ,美亚柏科,20130806,8.3527,
300188.SZ,美亚柏科,20130807,7.6815,
300188.SZ,美亚柏科,20130808,8.4521,
300188.SZ,美亚柏科,20130809,8.4024,
300188.SZ,美亚柏科,20130812,7.9848,
300188.SZ,美亚柏科,20130813,8.0295,
300188.SZ,美亚柏科,20130814,8.0295,
300188.SZ,美亚柏科,20130815,8.2532,
300188.SZ,美亚柏科,20130816,8.2284,
300188.SZ,美亚柏科,20130819,8.5814,
300188.SZ,美亚柏科,20130820,8.9344,
300188.SZ,美亚柏科,20130821,8.8747,
300188.SZ,美亚柏科,20130822,8.8051,
300188.SZ,美亚柏科,20130823,8.5168,
300188.SZ,美亚柏科,20130826,9.0487,
300188.SZ,美亚柏科,20130827,9.6603,
300188.SZ,美亚柏科,20130828,9.2327,
300188.SZ,美亚柏科,20130829,9.1283,
300188.SZ,美亚柏科,20130830,8.2532,
300188.SZ,美亚柏科,20130902,8.3775,
300188.SZ,美亚柏科,20130903,8.5516,
300188.SZ,美亚柏科,20130904,8.7156,
300188.SZ,美亚柏科,20130905,8.6858,
300188.SZ,美亚柏科,20130906,8.6411,
300188.SZ,美亚柏科,20130909,8.9642,
300188.SZ,美亚柏科,20130910,9.009,
300188.SZ,美亚柏科,20130911,8.5217,
300188.SZ,美亚柏科,20130912,8.4024,
300188.SZ,美亚柏科,20130913,8.4472,
300188.SZ,美亚柏科,20130916,8.5217,
300188.SZ,美亚柏科,20130917,8.5466,
300188.SZ,美亚柏科,20130918,8.3477,
300188.SZ,美亚柏科,20130923,8.7703,
300188.SZ,美亚柏科,20130924,8.6013,
300188.SZ,美亚柏科,20130925,8.3825,
300188.SZ,美亚柏科,20130926,8.1638,
300188.SZ,美亚柏科,20130927,8.1986,
300188.SZ,美亚柏科,20130930,8.2532,
300188.SZ,美亚柏科,20131008,8.4969,
300188.SZ,美亚柏科,20131009,8.83,
300188.SZ,美亚柏科,20131010,8.5217,
300188.SZ,美亚柏科,20131011,8.646,
300188.SZ,美亚柏科,20131014,8.7256,
300188.SZ,美亚柏科,20131015,8.1041,
300188.SZ,美亚柏科,20131016,7.761,
300188.SZ,美亚柏科,20131017,7.6964,
300188.SZ,美亚柏科,20131018,7.8654,
300188.SZ,美亚柏科,20131021,8.1439,
300188.SZ,美亚柏科,20131022,7.6865,
300188.SZ,美亚柏科,20131023,7.1893,
300188.SZ,美亚柏科,20131024,7.2639,
300188.SZ,美亚柏科,20131025,6.9556,
300188.SZ,美亚柏科,20131028,7.065,
300188.SZ,美亚柏科,20131029,6.5777,
300188.SZ,美亚柏科,20131030,6.8263,
300188.SZ,美亚柏科,20131031,6.6623,
300188.SZ,美亚柏科,20131101,6.7219,
300188.SZ,美亚柏科,20131104,6.8015,
300188.SZ,美亚柏科,20131105,6.8959,
300188.SZ,美亚柏科,20131106,7.1197,
300188.SZ,美亚柏科,20131107,6.9307,
300188.SZ,美亚柏科,20131108,6.7219,
300188.SZ,美亚柏科,20131111,6.8462,
300188.SZ,美亚柏科,20131112,6.9705,
300188.SZ,美亚柏科,20131113,7.6666,
300188.SZ,美亚柏科,20131114,8.4322,
300188.SZ,美亚柏科,20131115,9.2774,
300188.SZ,美亚柏科,20131118,10.2072,
300188.SZ,美亚柏科,20131119,9.7796,
300188.SZ,美亚柏科,20131120,9.8542,
300188.SZ,美亚柏科,20131121,9.4017,
300188.SZ,美亚柏科,20131122,9.2476,
300188.SZ,美亚柏科,20131125,9.2476,
300188.SZ,美亚柏科,20131126,9.3471,
300188.SZ,美亚柏科,20131127,9.4415,
300188.SZ,美亚柏科,20131128,9.3918,
300188.SZ,美亚柏科,20131129,9.5211,
300188.SZ,美亚柏科,20131202,8.5714,
300188.SZ,美亚柏科,20131203,7.945,
300188.SZ,美亚柏科,20131204,7.8306,
300188.SZ,美亚柏科,20131205,7.9002,
300188.SZ,美亚柏科,20131206,8.0345,
300188.SZ,美亚柏科,20131209,8.119,
300188.SZ,美亚柏科,20131210,7.9052,
300188.SZ,美亚柏科,20131211,7.9997,
300188.SZ,美亚柏科,20131212,8.0345,
300188.SZ,美亚柏科,20131213,7.9549,
300188.SZ,美亚柏科,20131216,8.0196,
300188.SZ,美亚柏科,20131217,7.771,
300188.SZ,美亚柏科,20131218,7.6019,
300188.SZ,美亚柏科,20131219,7.5423,
300188.SZ,美亚柏科,20131220,7.5721,
300188.SZ,美亚柏科,20131223,7.4627,
300188.SZ,美亚柏科,20131224,7.7014,
300188.SZ,美亚柏科,20131225,8.0743,
300188.SZ,美亚柏科,20131226,8.0047,
300188.SZ,美亚柏科,20131227,8.2682,
300188.SZ,美亚柏科,20131230,8.7256,
300188.SZ,美亚柏科,20131231,8.5516,
300188.SZ,美亚柏科,20140102,8.6261,
300188.SZ,美亚柏科,20140103,8.5565,
300188.SZ,美亚柏科,20140106,8.0593,
300188.SZ,美亚柏科,20140107,8.2831,
300188.SZ,美亚柏科,20140108,9.1134,
300188.SZ,美亚柏科,20140109,8.8051,
300188.SZ,美亚柏科,20140110,8.8946,
300188.SZ,美亚柏科,20140113,9.0189,
300188.SZ,美亚柏科,20140114,9.2476,
300188.SZ,美亚柏科,20140115,9.0935,
300188.SZ,美亚柏科,20140116,9.0388,
300188.SZ,美亚柏科,20140117,9.0189,
300188.SZ,美亚柏科,20140120,8.8399,
300188.SZ,美亚柏科,20140121,9.0587,
300188.SZ,美亚柏科,20140122,9.4067,
300188.SZ,美亚柏科,20140123,10.1127,
300188.SZ,美亚柏科,20140124,9.9785,
300188.SZ,美亚柏科,20140127,10.2022,
300188.SZ,美亚柏科,20140128,9.6106,
300188.SZ,美亚柏科,20140129,10.1425,
300188.SZ,美亚柏科,20140130,10.5403,
300188.SZ,美亚柏科,20140207,10.7143,
300188.SZ,美亚柏科,20140210,11.0872,
300188.SZ,美亚柏科,20140211,10.9331,
300188.SZ,美亚柏科,20140212,10.9331,
300188.SZ,美亚柏科,20140213,10.0183,
300188.SZ,美亚柏科,20140214,10.0531,
300188.SZ,美亚柏科,20140217,11.0574,
300188.SZ,美亚柏科,20140218,11.3656,
300188.SZ,美亚柏科,20140219,11.8081,
300188.SZ,美亚柏科,20140220,11.3457,
300188.SZ,美亚柏科,20140221,11.4153,
300188.SZ,美亚柏科,20140224,11.6291,
300188.SZ,美亚柏科,20140225,10.6894,
300188.SZ,美亚柏科,20140226,10.6149,
300188.SZ,美亚柏科,20140227,10.1972,
300188.SZ,美亚柏科,20140228,11.0872,
300188.SZ,美亚柏科,20140303,11.5048,
300188.SZ,美亚柏科,20140304,10.9182,
300188.SZ,美亚柏科,20140305,10.6497,
300188.SZ,美亚柏科,20140306,10.3414,
300188.SZ,美亚柏科,20140307,10.2519,
300188.SZ,美亚柏科,20140310,9.7249,
300188.SZ,美亚柏科,20140311,9.8492,
300188.SZ,美亚柏科,20140312,9.7199,
300188.SZ,美亚柏科,20140313,10.1475,
300188.SZ,美亚柏科,20140314,9.7945,
300188.SZ,美亚柏科,20140317,10.0779,
300188.SZ,美亚柏科,20140318,10.1077,
300188.SZ,美亚柏科,20140319,9.9089,
300188.SZ,美亚柏科,20140320,9.4465,
300188.SZ,美亚柏科,20140321,9.4962,
300188.SZ,美亚柏科,20140324,9.4465,
300188.SZ,美亚柏科,20140325,9.2228,
300188.SZ,美亚柏科,20140326,9.4167,
300188.SZ,美亚柏科,20140327,8.9841,
300188.SZ,美亚柏科,20140328,8.5267,
300188.SZ,美亚柏科,20140331,8.5018,
300188.SZ,美亚柏科,20140401,8.6411,
300188.SZ,美亚柏科,20140402,8.5168,
300188.SZ,美亚柏科,20140403,8.8151,
300188.SZ,美亚柏科,20140404,8.8946,
300188.SZ,美亚柏科,20140408,8.8548,
300188.SZ,美亚柏科,20140409,9.1581,
300188.SZ,美亚柏科,20140410,9.2029,
300188.SZ,美亚柏科,20140411,8.9443,
300188.SZ,美亚柏科,20140414,9.6454,
300188.SZ,美亚柏科,20140415,9.6255,
300188.SZ,美亚柏科,20140416,9.3371,
300188.SZ,美亚柏科,20140417,9.3222,
300188.SZ,美亚柏科,20140418,9.531,
300188.SZ,美亚柏科,20140421,9.2029,
300188.SZ,美亚柏科,20140422,8.8996,
300188.SZ,美亚柏科,20140423,8.825,
300188.SZ,美亚柏科,20140424,8.8648,
300188.SZ,美亚柏科,20140425,8.4372,
300188.SZ,美亚柏科,20140428,7.9997,
300188.SZ,美亚柏科,20140429,8.1936,
300188.SZ,美亚柏科,20140430,8.303,
300188.SZ,美亚柏科,20140505,8.5665,
300188.SZ,美亚柏科,20140506,8.6261,
300188.SZ,美亚柏科,20140507,8.293,
300188.SZ,美亚柏科,20140508,8.3278,
300188.SZ,美亚柏科,20140509,8.1538,
300188.SZ,美亚柏科,20140512,8.4123,
300188.SZ,美亚柏科,20140513,8.467,
300188.SZ,美亚柏科,20140514,8.4869,
300188.SZ,美亚柏科,20140515,8.2682,
300188.SZ,美亚柏科,20140516,8.4422,
300188.SZ,美亚柏科,20140519,8.4223,
300188.SZ,美亚柏科,20140520,8.8698,
300188.SZ,美亚柏科,20140521,8.8449,
300188.SZ,美亚柏科,20140522,9.0388,
300188.SZ,美亚柏科,20140523,9.6006,
300188.SZ,美亚柏科,20140526,9.5459,
300188.SZ,美亚柏科,20140527,9.4863,
300188.SZ,美亚柏科,20140528,9.8094,
300188.SZ,美亚柏科,20140529,9.5211,
300188.SZ,美亚柏科,20140530,9.9486,
300188.SZ,美亚柏科,20140603,9.6205,
300188.SZ,美亚柏科,20140604,9.6553,
300188.SZ,美亚柏科,20140605,9.7647,
300188.SZ,美亚柏科,20140606,9.5658,
300188.SZ,美亚柏科,20140609,9.1532,
300188.SZ,美亚柏科,20140610,9.3272,
300188.SZ,美亚柏科,20140611,9.357,
300188.SZ,美亚柏科,20140612,9.3172,
300188.SZ,美亚柏科,20140613,9.8442,
300188.SZ,美亚柏科,20140616,9.879,
300188.SZ,美亚柏科,20140617,9.9984,
300188.SZ,美亚柏科,20140618,9.6454,
300188.SZ,美亚柏科,20140619,9.009,
300188.SZ,美亚柏科,20140620,9.2277,
300188.SZ,美亚柏科,20140623,9.4017,
300188.SZ,美亚柏科,20140624,9.4615,
300188.SZ,美亚柏科,20140625,9.347,
300188.SZ,美亚柏科,20140626,9.7254,
300188.SZ,美亚柏科,20140627,9.8748,
300188.SZ,美亚柏科,20140630,10.0889,
300188.SZ,美亚柏科,20140701,10.3479,
300188.SZ,美亚柏科,20140702,10.2931,
300188.SZ,美亚柏科,20140703,10.1039,
300188.SZ,美亚柏科,20140704,10.1636,
300188.SZ,美亚柏科,20140707,10.5321,
300188.SZ,美亚柏科,20140708,10.6666,
300188.SZ,美亚柏科,20140709,10.1935,
300188.SZ,美亚柏科,20140710,9.9993,
300188.SZ,美亚柏科,20140711,10.1587,
300188.SZ,美亚柏科,20140714,10.2334,
300188.SZ,美亚柏科,20140715,10.4077,
300188.SZ,美亚柏科,20140716,10.6666,
300188.SZ,美亚柏科,20140717,9.8798,
300188.SZ,美亚柏科,20140718,9.8599,
300188.SZ,美亚柏科,20140721,10.0591,
300188.SZ,美亚柏科,20140722,9.9993,
300188.SZ,美亚柏科,20140723,9.6607,
300188.SZ,美亚柏科,20140724,9.591,
300188.SZ,美亚柏科,20140725,9.6109,
300188.SZ,美亚柏科,20140728,9.8101,
300188.SZ,美亚柏科,20140729,9.8698,
300188.SZ,美亚柏科,20140730,10.064,
300188.SZ,美亚柏科,20140731,9.9894,
300188.SZ,美亚柏科,20140801,10.0292,
300188.SZ,美亚柏科,20140804,10.1238,
300188.SZ,美亚柏科,20140805,10.2085,
300188.SZ,美亚柏科,20140806,10.1039,
300188.SZ,美亚柏科,20140807,10.4823,
300188.SZ,美亚柏科,20140808,10.3579,
300188.SZ,美亚柏科,20140811,10.5819,
300188.SZ,美亚柏科,20140812,10.6965,
300188.SZ,美亚柏科,20140813,11.0899,
300188.SZ,美亚柏科,20140814,11.4335,
300188.SZ,美亚柏科,20140815,12.046,
300188.SZ,美亚柏科,20140818,12.0609,
300188.SZ,美亚柏科,20140819,12.1456,
300188.SZ,美亚柏科,20140820,12.1207,
300188.SZ,美亚柏科,20140821,11.9613,
300188.SZ,美亚柏科,20140822,12.5489,
300188.SZ,美亚柏科,20140825,12.9772,
300188.SZ,美亚柏科,20140826,12.8278,
300188.SZ,美亚柏科,20140827,13.271,
300188.SZ,美亚柏科,20140828,13.2212,
300188.SZ,美亚柏科,20140829,13.3706,
300188.SZ,美亚柏科,20140901,14.7101,
300188.SZ,美亚柏科,20140902,14.9392,
300188.SZ,美亚柏科,20140903,15.2778,
300188.SZ,美亚柏科,20140904,15.2878,
300188.SZ,美亚柏科,20140905,14.735,
300188.SZ,美亚柏科,20140909,14.7201,
300188.SZ,美亚柏科,20140910,15.1484,
300188.SZ,美亚柏科,20140911,14.9143,
300188.SZ,美亚柏科,20140912,15.1384,
300188.SZ,美亚柏科,20140915,15.726,
300188.SZ,美亚柏科,20140916,15.7459,
300188.SZ,美亚柏科,20140917,15.487,
300188.SZ,美亚柏科,20140918,14.9044,
300188.SZ,美亚柏科,20140919,16.2937,
300188.SZ,美亚柏科,20140922,15.8555,
300188.SZ,美亚柏科,20140923,16.3186,
300188.SZ,美亚柏科,20140924,16.6821,
300188.SZ,美亚柏科,20140925,17.9171,
300188.SZ,美亚柏科,20140926,18.2258,
300188.SZ,美亚柏科,20140929,18.8732,
300188.SZ,美亚柏科,20140930,19.1471,
300188.SZ,美亚柏科,20141008,18.9479,
300188.SZ,美亚柏科,20141009,18.4947,
300188.SZ,美亚柏科,20141010,17.8822,
300188.SZ,美亚柏科,20141013,17.8822,
300188.SZ,美亚柏科,20141014,17.8822,
300188.SZ,美亚柏科,20141015,17.8822,
300188.SZ,美亚柏科,20141016,17.8822,
300188.SZ,美亚柏科,20141017,17.8822,
300188.SZ,美亚柏科,20141020,17.8822,
300188.SZ,美亚柏科,20141021,17.8822,
300188.SZ,美亚柏科,20141022,17.8822,
300188.SZ,美亚柏科,20141023,17.8822,
300188.SZ,美亚柏科,20141024,17.8822,
300188.SZ,美亚柏科,20141027,17.8822,
300188.SZ,美亚柏科,20141028,17.8822,
300188.SZ,美亚柏科,20141029,17.8822,
300188.SZ,美亚柏科,20141030,17.8822,
300188.SZ,美亚柏科,20141031,17.8822,
300188.SZ,美亚柏科,20141103,17.8822,
300188.SZ,美亚柏科,20141104,17.8822,
300188.SZ,美亚柏科,20141105,17.8822,
300188.SZ,美亚柏科,20141106,17.8822,
300188.SZ,美亚柏科,20141107,16.0945,
300188.SZ,美亚柏科,20141110,15.6015,
300188.SZ,美亚柏科,20141111,14.6554,
300188.SZ,美亚柏科,20141112,14.9093,
300188.SZ,美亚柏科,20141113,14.252,
300188.SZ,美亚柏科,20141114,14.3616,
300188.SZ,美亚柏科,20141117,14.7151,
300188.SZ,美亚柏科,20141118,14.75,
300188.SZ,美亚柏科,20141119,15.0786,
300188.SZ,美亚柏科,20141120,14.7998,
300188.SZ,美亚柏科,20141121,14.9542,
300188.SZ,美亚柏科,20141124,14.8247,
300188.SZ,美亚柏科,20141125,15.1932,
300188.SZ,美亚柏科,20141126,15.1284,
300188.SZ,美亚柏科,20141127,15.0438,
300188.SZ,美亚柏科,20141128,14.989,
300188.SZ,美亚柏科,20141201,14.7948,
300188.SZ,美亚柏科,20141202,15.4372,
300188.SZ,美亚柏科,20141203,15.7957,
300188.SZ,美亚柏科,20141204,16.224,
300188.SZ,美亚柏科,20141205,15.4372,
300188.SZ,美亚柏科,20141208,14.5508,
300188.SZ,美亚柏科,20141209,13.0967,
300188.SZ,美亚柏科,20141210,13.271,
300188.SZ,美亚柏科,20141211,13.3059,
300188.SZ,美亚柏科,20141212,13.769,
300188.SZ,美亚柏科,20141215,14.1723,
300188.SZ,美亚柏科,20141216,14.2072,
300188.SZ,美亚柏科,20141217,15.0537,
300188.SZ,美亚柏科,20141218,14.9392,
300188.SZ,美亚柏科,20141219,14.7799,
300188.SZ,美亚柏科,20141222,13.3009,
300188.SZ,美亚柏科,20141223,13.1963,
300188.SZ,美亚柏科,20141224,13.6495,
300188.SZ,美亚柏科,20141225,13.6943,
300188.SZ,美亚柏科,20141226,13.4353,
300188.SZ,美亚柏科,20141229,12.9872,
300188.SZ,美亚柏科,20141230,13.2959,
300188.SZ,美亚柏科,20141231,13.032,
300188.SZ,美亚柏科,20150105,12.7481,
300188.SZ,美亚柏科,20150106,13.505,
300188.SZ,美亚柏科,20150107,13.2461,
300188.SZ,美亚柏科,20150108,13.1863,
300188.SZ,美亚柏科,20150109,12.9971,
300188.SZ,美亚柏科,20150112,12.7979,
300188.SZ,美亚柏科,20150113,13.9682,
300188.SZ,美亚柏科,20150114,13.9831,
300188.SZ,美亚柏科,20150115,13.6594,
300188.SZ,美亚柏科,20150116,14.3466,
300188.SZ,美亚柏科,20150119,13.9184,
300188.SZ,美亚柏科,20150120,14.9293,
300188.SZ,美亚柏科,20150121,14.7898,
300188.SZ,美亚柏科,20150122,15.8405,
300188.SZ,美亚柏科,20150123,15.1932,
300188.SZ,美亚柏科,20150126,15.6912,
300188.SZ,美亚柏科,20150127,15.9601,
300188.SZ,美亚柏科,20150128,16.4481,
300188.SZ,美亚柏科,20150129,16.5825,
300188.SZ,美亚柏科,20150130,15.6912,
300188.SZ,美亚柏科,20150202,16.3833,
300188.SZ,美亚柏科,20150203,17.5038,
300188.SZ,美亚柏科,20150204,17.8275,
300188.SZ,美亚柏科,20150205,17.4341,
300188.SZ,美亚柏科,20150206,16.7269,
300188.SZ,美亚柏科,20150209,16.9311,
300188.SZ,美亚柏科,20150210,17.3544,
300188.SZ,美亚柏科,20150211,17.5337,
300188.SZ,美亚柏科,20150212,17.444,
300188.SZ,美亚柏科,20150213,17.6034,
300188.SZ,美亚柏科,20150216,18.2806,
300188.SZ,美亚柏科,20150217,18.1511,
300188.SZ,美亚柏科,20150225,17.9719,
300188.SZ,美亚柏科,20150226,17.5237,
300188.SZ,美亚柏科,20150227,17.8026,
300188.SZ,美亚柏科,20150302,18.425,
300188.SZ,美亚柏科,20150303,17.7777,
300188.SZ,美亚柏科,20150304,17.9769,
300188.SZ,美亚柏科,20150305,17.1303,
300188.SZ,美亚柏科,20150306,16.463,
300188.SZ,美亚柏科,20150309,17.1602,
300188.SZ,美亚柏科,20150310,17.7378,
300188.SZ,美亚柏科,20150311,17.7478,
300188.SZ,美亚柏科,20150312,17.9719,
300188.SZ,美亚柏科,20150313,19.2019,
300188.SZ,美亚柏科,20150316,19.5405,
300188.SZ,美亚柏科,20150317,19.5704,
300188.SZ,美亚柏科,20150318,19.1521,
300188.SZ,美亚柏科,20150319,18.7736,
300188.SZ,美亚柏科,20150320,20.651,
300188.SZ,美亚柏科,20150323,22.7176,
300188.SZ,美亚柏科,20150324,22.9566,
300188.SZ,美亚柏科,20150325,23.9127,
300188.SZ,美亚柏科,20150326,21.7764,
300188.SZ,美亚柏科,20150327,21.7117,
300188.SZ,美亚柏科,20150330,21.2635,
300188.SZ,美亚柏科,20150331,21.5971,
300188.SZ,美亚柏科,20150401,22.2544,
300188.SZ,美亚柏科,20150402,22.1051,
300188.SZ,美亚柏科,20150403,23.8778,
300188.SZ,美亚柏科,20150407,23.7434,
300188.SZ,美亚柏科,20150408,22.2644,
300188.SZ,美亚柏科,20150409,22.5084,
300188.SZ,美亚柏科,20150410,23.0313,
300188.SZ,美亚柏科,20150413,25.0431,
300188.SZ,美亚柏科,20150414,23.7932,
300188.SZ,美亚柏科,20150415,22.4088,
300188.SZ,美亚柏科,20150416,22.4088,
300188.SZ,美亚柏科,20150417,21.6768,
300188.SZ,美亚柏科,20150420,21.1888,
300188.SZ,美亚柏科,20150421,23.0114,
300188.SZ,美亚柏科,20150422,23.2554,
300188.SZ,美亚柏科,20150423,23.8828,
300188.SZ,美亚柏科,20150424,26.2731,
300188.SZ,美亚柏科,20150427,27.3388,
300188.SZ,美亚柏科,20150428,24.6049,
300188.SZ,美亚柏科,20150429,24.6049,
300188.SZ,美亚柏科,20150430,24.6298,
300188.SZ,美亚柏科,20150504,26.8408,
300188.SZ,美亚柏科,20150505,25.4963,
300188.SZ,美亚柏科,20150506,27.4334,
300188.SZ,美亚柏科,20150507,28.7331,
300188.SZ,美亚柏科,20150508,31.6064,
300188.SZ,美亚柏科,20150511,33.7128,
300188.SZ,美亚柏科,20150512,34.2808,
300188.SZ,美亚柏科,20150513,37.0213,
300188.SZ,美亚柏科,20150514,37.0213,
300188.SZ,美亚柏科,20150515,37.0213,
300188.SZ,美亚柏科,20150518,37.0213,
300188.SZ,美亚柏科,20150519,37.0213,
300188.SZ,美亚柏科,20150520,37.0213,
300188.SZ,美亚柏科,20150521,37.0213,
300188.SZ,美亚柏科,20150522,37.0213,
300188.SZ,美亚柏科,20150525,37.0213,
300188.SZ,美亚柏科,20150526,37.0213,
300188.SZ,美亚柏科,20150527,37.0213,
300188.SZ,美亚柏科,20150528,37.0213,
300188.SZ,美亚柏科,20150529,37.0213,
300188.SZ,美亚柏科,20150601,37.0213,
300188.SZ,美亚柏科,20150602,37.0213,
300188.SZ,美亚柏科,20150603,37.0213,
300188.SZ,美亚柏科,20150604,37.0213,
300188.SZ,美亚柏科,20150605,37.0213,
300188.SZ,美亚柏科,20150608,37.0213,
300188.SZ,美亚柏科,20150609,37.0213,
300188.SZ,美亚柏科,20150610,37.0213,
300188.SZ,美亚柏科,20150611,37.0213,
300188.SZ,美亚柏科,20150612,37.0213,
300188.SZ,美亚柏科,20150615,37.0213,
300188.SZ,美亚柏科,20150616,37.0213,
300188.SZ,美亚柏科,20150617,37.0213,
300188.SZ,美亚柏科,20150618,37.0213,
300188.SZ,美亚柏科,20150619,37.0213,
300188.SZ,美亚柏科,20150623,37.0213,
300188.SZ,美亚柏科,20150624,37.0213,
300188.SZ,美亚柏科,20150625,37.0213,
300188.SZ,美亚柏科,20150626,37.0213,
300188.SZ,美亚柏科,20150629,37.0213,
300188.SZ,美亚柏科,20150630,37.0213,
300188.SZ,美亚柏科,20150701,37.0213,
300188.SZ,美亚柏科,20150702,37.0213,
300188.SZ,美亚柏科,20150703,37.0213,
300188.SZ,美亚柏科,20150706,37.0213,
300188.SZ,美亚柏科,20150707,37.0213,
300188.SZ,美亚柏科,20150708,37.0213,
300188.SZ,美亚柏科,20150709,37.0213,
300188.SZ,美亚柏科,20150710,37.0213,
300188.SZ,美亚柏科,20150713,37.0213,
300188.SZ,美亚柏科,20150714,37.0213,
300188.SZ,美亚柏科,20150715,37.0213,
300188.SZ,美亚柏科,20150716,37.0213,
300188.SZ,美亚柏科,20150717,37.0213,
300188.SZ,美亚柏科,20150720,37.0213,
300188.SZ,美亚柏科,20150721,37.0213,
300188.SZ,美亚柏科,20150722,37.0213,
300188.SZ,美亚柏科,20150723,37.0213,
300188.SZ,美亚柏科,20150724,37.0213,
300188.SZ,美亚柏科,20150727,37.0213,
300188.SZ,美亚柏科,20150728,37.0213,
300188.SZ,美亚柏科,20150729,37.0213,
300188.SZ,美亚柏科,20150730,37.0213,
300188.SZ,美亚柏科,20150731,37.0213,
300188.SZ,美亚柏科,20150803,37.0213,
300188.SZ,美亚柏科,20150804,37.0213,
300188.SZ,美亚柏科,20150805,37.0213,
300188.SZ,美亚柏科,20150806,37.0213,
300188.SZ,美亚柏科,20150807,37.0213,
300188.SZ,美亚柏科,20150810,37.0213,
300188.SZ,美亚柏科,20150811,37.0213,
300188.SZ,美亚柏科,20150812,37.0213,
300188.SZ,美亚柏科,20150813,37.0213,
300188.SZ,美亚柏科,20150814,37.0213,
300188.SZ,美亚柏科,20150817,37.0213,
300188.SZ,美亚柏科,20150818,37.0213,
300188.SZ,美亚柏科,20150819,37.0213,
300188.SZ,美亚柏科,20150820,37.0213,
300188.SZ,美亚柏科,20150821,33.3242,
300188.SZ,美亚柏科,20150824,29.9957,
300188.SZ,美亚柏科,20150825,26.9962,
300188.SZ,美亚柏科,20150826,24.2956,
300188.SZ,美亚柏科,20150827,21.864,
300188.SZ,美亚柏科,20150828,22.8107,
300188.SZ,美亚柏科,20150831,20.5286,
300188.SZ,美亚柏科,20150901,18.4758,
300188.SZ,美亚柏科,20150902,16.6322,
300188.SZ,美亚柏科,20150907,16.6322,
300188.SZ,美亚柏科,20150908,17.0208,
300188.SZ,美亚柏科,20150909,18.0473,
300188.SZ,美亚柏科,20150910,16.7817,
300188.SZ,美亚柏科,20150911,18.4558,
300188.SZ,美亚柏科,20150914,17.4892,
300188.SZ,美亚柏科,20150915,18.5854,
300188.SZ,美亚柏科,20150916,20.4489,
300188.SZ,美亚柏科,20150917,22.4918,
300188.SZ,美亚柏科,20150918,24.744,
300188.SZ,美亚柏科,20150921,24.9632,
300188.SZ,美亚柏科,20150922,25.6907,
300188.SZ,美亚柏科,20150923,25.0629,
300188.SZ,美亚柏科,20150924,25.4416,
300188.SZ,美亚柏科,20150925,22.9004,
300188.SZ,美亚柏科,20150928,25.1924,
300188.SZ,美亚柏科,20150929,23.3189,
300188.SZ,美亚柏科,20150930,22.2128,
300188.SZ,美亚柏科,20151008,24.4351,
300188.SZ,美亚柏科,20151009,24.0962,
300188.SZ,美亚柏科,20151012,25.1924,
300188.SZ,美亚柏科,20151013,27.1157,
300188.SZ,美亚柏科,20151014,27.325,
300188.SZ,美亚柏科,20151015,28.0326,
300188.SZ,美亚柏科,20151016,27.5642,
300188.SZ,美亚柏科,20151019,26.8566,
300188.SZ,美亚柏科,20151020,27.2951,
300188.SZ,美亚柏科,20151021,24.5646,
300188.SZ,美亚柏科,20151022,25.4117,
300188.SZ,美亚柏科,20151023,26.6474,
300188.SZ,美亚柏科,20151026,26.9065,
300188.SZ,美亚柏科,20151027,26.4281,
300188.SZ,美亚柏科,20151028,28.2119,
300188.SZ,美亚柏科,20151029,28.4013,
300188.SZ,美亚柏科,20151030,29.0191,
300188.SZ,美亚柏科,20151102,26.5079,
300188.SZ,美亚柏科,20151103,26.1989,
300188.SZ,美亚柏科,20151104,27.9628,
300188.SZ,美亚柏科,20151105,27.6439,
300188.SZ,美亚柏科,20151106,29.2085,
300188.SZ,美亚柏科,20151109,32.1283,
300188.SZ,美亚柏科,20151110,33.8822,
300188.SZ,美亚柏科,20151111,37.2705,
300188.SZ,美亚柏科,20151112,37.988,
300188.SZ,美亚柏科,20151113,37.0711,
300188.SZ,美亚柏科,20151116,40.7783,
300188.SZ,美亚柏科,20151117,39.4628,
300188.SZ,美亚柏科,20151118,36.9217,
300188.SZ,美亚柏科,20151119,36.9217,
300188.SZ,美亚柏科,20151120,36.9217,
300188.SZ,美亚柏科,20151123,36.9217,
300188.SZ,美亚柏科,20151124,36.9217,
300188.SZ,美亚柏科,20151125,36.9217,
300188.SZ,美亚柏科,20151126,36.9217,
300188.SZ,美亚柏科,20151127,36.9217,
300188.SZ,美亚柏科,20151130,36.4533,
300188.SZ,美亚柏科,20151201,37.3203,
300188.SZ,美亚柏科,20151202,33.6829,
300188.SZ,美亚柏科,20151203,37.0512,
300188.SZ,美亚柏科,20151204,37.8684,
300188.SZ,美亚柏科,20151207,41.6552,
300188.SZ,美亚柏科,20151208,42.3528,
300188.SZ,美亚柏科,20151209,43.2497,
300188.SZ,美亚柏科,20151210,46.0599,
300188.SZ,美亚柏科,20151211,41.9043,
300188.SZ,美亚柏科,20151214,42.9108,
300188.SZ,美亚柏科,20151215,45.9702,
300188.SZ,美亚柏科,20151216,45.6214,
300188.SZ,美亚柏科,20151217,46.0101,
300188.SZ,美亚柏科,20151218,43.5985,
300188.SZ,美亚柏科,20151221,43.3693,
300188.SZ,美亚柏科,20151222,43.8974,
300188.SZ,美亚柏科,20151223,41.7848,
300188.SZ,美亚柏科,20151224,42.8511,
300188.SZ,美亚柏科,20151225,41.6452,
300188.SZ,美亚柏科,20151228,42.3528,
300188.SZ,美亚柏科,20151229,43.9871,
300188.SZ,美亚柏科,20151230,48.3818,
300188.SZ,美亚柏科,20151231,50.5244,
300188.SZ,美亚柏科,20160104,45.4719,
300188.SZ,美亚柏科,20160105,40.9377,
300188.SZ,美亚柏科,20160106,41.9043,
300188.SZ,美亚柏科,20160107,37.7189,
300188.SZ,美亚柏科,20160108,35.7557,
300188.SZ,美亚柏科,20160111,32.1782,
300188.SZ,美亚柏科,20160112,33.364,
300188.SZ,美亚柏科,20160113,30.0256,
300188.SZ,美亚柏科,20160114,32.5668,
300188.SZ,美亚柏科,20160115,32.0885,
300188.SZ,美亚柏科,20160118,33.3042,
300188.SZ,美亚柏科,20160119,34.3705,
300188.SZ,美亚柏科,20160120,33.2743,
300188.SZ,美亚柏科,20160121,30.3047,
300188.SZ,美亚柏科,20160122,30.1452,
300188.SZ,美亚柏科,20160125,29.9559,
300188.SZ,美亚柏科,20160126,26.9563,
300188.SZ,美亚柏科,20160127,28.9693,
300188.SZ,美亚柏科,20160128,26.9164,
300188.SZ,美亚柏科,20160129,29.6071,
300188.SZ,美亚柏科,20160201,28.7501,
300188.SZ,美亚柏科,20160202,29.9957,
300188.SZ,美亚柏科,20160203,29.8861,
300188.SZ,美亚柏科,20160204,30.4143,
300188.SZ,美亚柏科,20160205,28.8995,
300188.SZ,美亚柏科,20160215,27.8133,
300188.SZ,美亚柏科,20160216,30.1851,
300188.SZ,美亚柏科,20160217,31.5703,
300188.SZ,美亚柏科,20160218,31.2613,
300188.SZ,美亚柏科,20160219,32.3476,
300188.SZ,美亚柏科,20160222,32.8259,
300188.SZ,美亚柏科,20160223,31.8892,
300188.SZ,美亚柏科,20160224,32.218,
300188.SZ,美亚柏科,20160225,28.9992,
300188.SZ,美亚柏科,20160226,27.5144,
300188.SZ,美亚柏科,20160229,24.7639,
300188.SZ,美亚柏科,20160301,24.9034,
300188.SZ,美亚柏科,20160302,26.0495,
300188.SZ,美亚柏科,20160303,26.169,
300188.SZ,美亚柏科,20160304,23.6079,
300188.SZ,美亚柏科,20160307,24.3653,
300188.SZ,美亚柏科,20160308,24.7041,
300188.SZ,美亚柏科,20160309,24.5148,
300188.SZ,美亚柏科,20160310,24.4151,
300188.SZ,美亚柏科,20160311,23.7973,
300188.SZ,美亚柏科,20160314,25.4715,
300188.SZ,美亚柏科,20160315,25.1027,
300188.SZ,美亚柏科,20160316,24.8636,
300188.SZ,美亚柏科,20160317,26.2787,
300188.SZ,美亚柏科,20160318,28.9095,
300188.SZ,美亚柏科,20160321,29.9957,
300188.SZ,美亚柏科,20160322,29.0989,
300188.SZ,美亚柏科,20160323,30.0356,
300188.SZ,美亚柏科,20160324,30.3047,
300188.SZ,美亚柏科,20160325,30.0555,
300188.SZ,美亚柏科,20160328,29.1586,
300188.SZ,美亚柏科,20160329,28.1621,
300188.SZ,美亚柏科,20160330,29.6171,
300188.SZ,美亚柏科,20160331,29.6171,
300188.SZ,美亚柏科,20160401,28.6803,
300188.SZ,美亚柏科,20160405,29.8961,
300188.SZ,美亚柏科,20160406,30.3645,
300188.SZ,美亚柏科,20160407,29.0191,
300188.SZ,美亚柏科,20160408,29.0391,
300188.SZ,美亚柏科,20160411,29.7964,
300188.SZ,美亚柏科,20160412,29.2982,
300188.SZ,美亚柏科,20160413,30.0057,
300188.SZ,美亚柏科,20160414,30.7631,
300188.SZ,美亚柏科,20160415,30.6136,
300188.SZ,美亚柏科,20160418,29.5174,
300188.SZ,美亚柏科,20160419,30.4342,
300188.SZ,美亚柏科,20160420,29.2284,
300188.SZ,美亚柏科,20160421,27.2652,
300188.SZ,美亚柏科,20160422,27.5044,
300188.SZ,美亚柏科,20160425,26.3385,
300188.SZ,美亚柏科,20160426,26.8566,
300188.SZ,美亚柏科,20160427,26.2189,
300188.SZ,美亚柏科,20160428,26.6274,
300188.SZ,美亚柏科,20160429,26.0893,
300188.SZ,美亚柏科,20160503,27.5841,
300188.SZ,美亚柏科,20160504,27.3051,
300188.SZ,美亚柏科,20160505,27.4745,
300188.SZ,美亚柏科,20160506,27.5642,
300188.SZ,美亚柏科,20160509,25.1825,
300188.SZ,美亚柏科,20160510,25.1127,
300188.SZ,美亚柏科,20160511,24.6144,
300188.SZ,美亚柏科,20160512,24.3454,
300188.SZ,美亚柏科,20160513,23.9268,
300188.SZ,美亚柏科,20160516,24.8636,
300188.SZ,美亚柏科,20160517,25.312,
300188.SZ,美亚柏科,20160518,23.9567,
300188.SZ,美亚柏科,20160519,24.3055,
300188.SZ,美亚柏科,20160520,24.9333,
300188.SZ,美亚柏科,20160523,25.1725,
300188.SZ,美亚柏科,20160524,24.6045,
300188.SZ,美亚柏科,20160525,24.6543,
300188.SZ,美亚柏科,20160526,24.5547,
300188.SZ,美亚柏科,20160527,24.1361,
300188.SZ,美亚柏科,20160530,23.7873,
300188.SZ,美亚柏科,20160531,25.6907,
300188.SZ,美亚柏科,20160601,25.5811,
300188.SZ,美亚柏科,20160602,26.0893,
300188.SZ,美亚柏科,20160603,25.7804,
300188.SZ,美亚柏科,20160606,25.6807,
300188.SZ,美亚柏科,20160607,25.8402,
300188.SZ,美亚柏科,20160608,25.9996,
300188.SZ,美亚柏科,20160613,23.3987,
300188.SZ,美亚柏科,20160614,23.8072,
300188.SZ,美亚柏科,20160615,24.5048,
300188.SZ,美亚柏科,20160616,24.0962,
300188.SZ,美亚柏科,20160617,24.2758,
300188.SZ,美亚柏科,20160620,24.655,
300188.SZ,美亚柏科,20160621,24.5951,
300188.SZ,美亚柏科,20160622,25.2736,
300188.SZ,美亚柏科,20160623,25.3534,
300188.SZ,美亚柏科,20160624,24.4854,
300188.SZ,美亚柏科,20160627,25.8922,
300188.SZ,美亚柏科,20160628,27.0497,
300188.SZ,美亚柏科,20160629,26.4709,
300188.SZ,美亚柏科,20160630,26.5807,
300188.SZ,美亚柏科,20160701,26.1816,
300188.SZ,美亚柏科,20160704,26.6805,
300188.SZ,美亚柏科,20160705,26.5807,
300188.SZ,美亚柏科,20160706,26.6605,
300188.SZ,美亚柏科,20160707,26.88,
300188.SZ,美亚柏科,20160708,27.7082,
300188.SZ,美亚柏科,20160711,26.8301,
300188.SZ,美亚柏科,20160712,27.8279,
300188.SZ,美亚柏科,20160713,27.7381,
300188.SZ,美亚柏科,20160714,27.8579,
300188.SZ,美亚柏科,20160715,27.4388,
300188.SZ,美亚柏科,20160718,27.3191,
300188.SZ,美亚柏科,20160719,27.4288,
300188.SZ,美亚柏科,20160720,27.1694,
300188.SZ,美亚柏科,20160721,27.3889,
300188.SZ,美亚柏科,20160722,27.4587,
300188.SZ,美亚柏科,20160725,27.3989,
300188.SZ,美亚柏科,20160726,27.9277,
300188.SZ,美亚柏科,20160727,25.6129,
300188.SZ,美亚柏科,20160728,24.4355,
300188.SZ,美亚柏科,20160729,24.1162,
300188.SZ,美亚柏科,20160801,24.2459,
300188.SZ,美亚柏科,20160802,24.2958,
300188.SZ,美亚柏科,20160803,24.0962,
300188.SZ,美亚柏科,20160804,24.3058,
300188.SZ,美亚柏科,20160805,24.3158,
300188.SZ,美亚柏科,20160808,24.5552,
300188.SZ,美亚柏科,20160809,24.7947,
300188.SZ,美亚柏科,20160810,24.7947,
300188.SZ,美亚柏科,20160811,24.1561,
300188.SZ,美亚柏科,20160812,24.5852,
300188.SZ,美亚柏科,20160815,25.1639,
300188.SZ,美亚柏科,20160816,25.0741,
300188.SZ,美亚柏科,20160817,25.0641,
300188.SZ,美亚柏科,20160818,24.8546,
300188.SZ,美亚柏科,20160819,24.6251,
300188.SZ,美亚柏科,20160822,24.186,
300188.SZ,美亚柏科,20160823,24.3357,
300188.SZ,美亚柏科,20160824,24.5353,
300188.SZ,美亚柏科,20160825,24.0763,
300188.SZ,美亚柏科,20160826,24.2858,
300188.SZ,美亚柏科,20160829,24.3756,
300188.SZ,美亚柏科,20160830,24.4754,
300188.SZ,美亚柏科,20160831,24.5552,
300188.SZ,美亚柏科,20160901,24.1661,
300188.SZ,美亚柏科,20160902,23.8468,
300188.SZ,美亚柏科,20160905,23.6872,
300188.SZ,美亚柏科,20160906,24.3257,
300188.SZ,美亚柏科,20160907,24.1661,
300188.SZ,美亚柏科,20160908,24.6949,
300188.SZ,美亚柏科,20160909,24.2359,
300188.SZ,美亚柏科,20160912,23.747,
300188.SZ,美亚柏科,20160913,23.8967,
300188.SZ,美亚柏科,20160914,23.6472,
300188.SZ,美亚柏科,20160919,23.8468,
300188.SZ,美亚柏科,20160920,23.7969,
300188.SZ,美亚柏科,20160921,23.7271,
300188.SZ,美亚柏科,20160922,23.7969,
300188.SZ,美亚柏科,20160923,23.8668,
300188.SZ,美亚柏科,20160926,23.5674,
300188.SZ,美亚柏科,20160927,23.8468,
300188.SZ,美亚柏科,20160928,23.767,
300188.SZ,美亚柏科,20160929,23.6273,
300188.SZ,美亚柏科,20160930,23.5974,
300188.SZ,美亚柏科,20161010,25.4632,
300188.SZ,美亚柏科,20161011,25.2437,
300188.SZ,美亚柏科,20161012,24.9743,
300188.SZ,美亚柏科,20161013,24.7448,
300188.SZ,美亚柏科,20161014,24.6151,
300188.SZ,美亚柏科,20161017,24.6151,
300188.SZ,美亚柏科,20161018,24.9144,
300188.SZ,美亚柏科,20161019,24.5852,
300188.SZ,美亚柏科,20161020,24.6251,
300188.SZ,美亚柏科,20161021,24.3956,
300188.SZ,美亚柏科,20161024,24.7348,
300188.SZ,美亚柏科,20161025,24.635,
300188.SZ,美亚柏科,20161026,24.3656,
300188.SZ,美亚柏科,20161027,24.5353,
300188.SZ,美亚柏科,20161028,24.1162,
300188.SZ,美亚柏科,20161031,23.9865,
300188.SZ,美亚柏科,20161101,24.196,
300188.SZ,美亚柏科,20161102,23.757,
300188.SZ,美亚柏科,20161103,23.9665,
300188.SZ,美亚柏科,20161104,24.2659,
300188.SZ,美亚柏科,20161107,24.0663,
300188.SZ,美亚柏科,20161108,24.186,
300188.SZ,美亚柏科,20161109,23.6472,
300188.SZ,美亚柏科,20161110,23.8568,
300188.SZ,美亚柏科,20161111,24.0064,
300188.SZ,美亚柏科,20161114,24.3856,
300188.SZ,美亚柏科,20161115,24.5752,
300188.SZ,美亚柏科,20161116,24.3656,
300188.SZ,美亚柏科,20161117,24.0164,
300188.SZ,美亚柏科,20161118,23.9466,
300188.SZ,美亚柏科,20161121,23.8967,
300188.SZ,美亚柏科,20161122,24.2459,
300188.SZ,美亚柏科,20161123,24.0364,
300188.SZ,美亚柏科,20161124,23.767,
300188.SZ,美亚柏科,20161125,23.9865,
300188.SZ,美亚柏科,20161128,23.8668,
300188.SZ,美亚柏科,20161129,23.777,
300188.SZ,美亚柏科,20161130,24.1362,
300188.SZ,美亚柏科,20161201,24.1062,
300188.SZ,美亚柏科,20161202,23.7969,
300188.SZ,美亚柏科,20161205,24.206,
300188.SZ,美亚柏科,20161206,24.0064,
300188.SZ,美亚柏科,20161207,24.1461,
300188.SZ,美亚柏科,20161208,24.4554,
300188.SZ,美亚柏科,20161209,24.196,
300188.SZ,美亚柏科,20161212,21.7814,
300188.SZ,美亚柏科,20161213,21.2825,
300188.SZ,美亚柏科,20161214,20.4045,
300188.SZ,美亚柏科,20161215,20.624,
300188.SZ,美亚柏科,20161216,20.7737,
300188.SZ,美亚柏科,20161219,20.5541,
300188.SZ,美亚柏科,20161220,20.5242,
300188.SZ,美亚柏科,20161221,20.604,
300188.SZ,美亚柏科,20161222,21.083,
300188.SZ,美亚柏科,20161223,21.1029,
300188.SZ,美亚柏科,20161226,21.1528,
300188.SZ,美亚柏科,20161227,21.0031,
300188.SZ,美亚柏科,20161228,21.1528,
300188.SZ,美亚柏科,20161229,21.1728,
300188.SZ,美亚柏科,20161230,21.3424,
300188.SZ,美亚柏科,20170103,21.2526,
300188.SZ,美亚柏科,20170104,21.3324,
300188.SZ,美亚柏科,20170105,21.1628,
300188.SZ,美亚柏科,20170106,20.5641,
300188.SZ,美亚柏科,20170109,20.3047,
300188.SZ,美亚柏科,20170110,20.3446,
300188.SZ,美亚柏科,20170111,20.3247,
300188.SZ,美亚柏科,20170112,19.9854,
300188.SZ,美亚柏科,20170113,19.3169,
300188.SZ,美亚柏科,20170116,17.8003,
300188.SZ,美亚柏科,20170117,18.5386,
300188.SZ,美亚柏科,20170118,18.3491,
300188.SZ,美亚柏科,20170119,18.5985,
300188.SZ,美亚柏科,20170120,19.3369,
300188.SZ,美亚柏科,20170123,19.5464,
300188.SZ,美亚柏科,20170124,19.1373,
300188.SZ,美亚柏科,20170125,19.297,
300188.SZ,美亚柏科,20170126,19.5264,
300188.SZ,美亚柏科,20170203,19.4466,
300188.SZ,美亚柏科,20170206,19.6362,
300188.SZ,美亚柏科,20170207,19.4865,
300188.SZ,美亚柏科,20170208,19.6063,
300188.SZ,美亚柏科,20170209,19.8058,
300188.SZ,美亚柏科,20170210,19.726,
300188.SZ,美亚柏科,20170213,19.5564,
300188.SZ,美亚柏科,20170214,19.3868,
300188.SZ,美亚柏科,20170215,19.0375,
300188.SZ,美亚柏科,20170216,18.8779,
300188.SZ,美亚柏科,20170217,18.6783,
300188.SZ,美亚柏科,20170220,18.8579,
300188.SZ,美亚柏科,20170221,19.3369,
300188.SZ,美亚柏科,20170222,19.4067,
300188.SZ,美亚柏科,20170223,19.5165,
300188.SZ,美亚柏科,20170224,19.6861,
300188.SZ,美亚柏科,20170227,19.5564,
300188.SZ,美亚柏科,20170228,20.3845,
300188.SZ,美亚柏科,20170301,20.155,
300188.SZ,美亚柏科,20170302,19.6462,
300188.SZ,美亚柏科,20170303,19.8757,
300188.SZ,美亚柏科,20170306,20.4444,
300188.SZ,美亚柏科,20170307,20.8036,
300188.SZ,美亚柏科,20170308,20.5043,
300188.SZ,美亚柏科,20170309,20.5541,
300188.SZ,美亚柏科,20170310,20.3047,
300188.SZ,美亚柏科,20170313,20.634,
300188.SZ,美亚柏科,20170314,20.1251,
300188.SZ,美亚柏科,20170315,20.1151,
300188.SZ,美亚柏科,20170316,20.2847,
300188.SZ,美亚柏科,20170317,19.9156,
300188.SZ,美亚柏科,20170320,19.8657,
300188.SZ,美亚柏科,20170321,19.9854,
300188.SZ,美亚柏科,20170322,19.5264,
300188.SZ,美亚柏科,20170323,19.277,
300188.SZ,美亚柏科,20170324,19.5065,
300188.SZ,美亚柏科,20170327,19.4466,
300188.SZ,美亚柏科,20170328,19.6262,
300188.SZ,美亚柏科,20170329,19.1373,
300188.SZ,美亚柏科,20170330,19.2371,
300188.SZ,美亚柏科,20170331,19.0076,
300188.SZ,美亚柏科,20170405,19.2072,
300188.SZ,美亚柏科,20170406,19.6063,
300188.SZ,美亚柏科,20170407,19.3967,
300188.SZ,美亚柏科,20170410,18.8879,
300188.SZ,美亚柏科,20170411,19.0375,
300188.SZ,美亚柏科,20170412,18.8579,
300188.SZ,美亚柏科,20170413,18.8679,
300188.SZ,美亚柏科,20170414,18.6384,
300188.SZ,美亚柏科,20170417,18.4788,
300188.SZ,美亚柏科,20170418,18.1595,
300188.SZ,美亚柏科,20170419,17.92,
300188.SZ,美亚柏科,20170420,17.8602,
300188.SZ,美亚柏科,20170421,17.9001,
300188.SZ,美亚柏科,20170424,17.5109,
300188.SZ,美亚柏科,20170425,18.0298,
300188.SZ,美亚柏科,20170426,17.8602,
300188.SZ,美亚柏科,20170427,18.1395,
300188.SZ,美亚柏科,20170428,18.0996,
300188.SZ,美亚柏科,20170502,18.1395,
300188.SZ,美亚柏科,20170503,18.0996,
300188.SZ,美亚柏科,20170504,17.8103,
300188.SZ,美亚柏科,20170505,17.7005,
300188.SZ,美亚柏科,20170508,17.5808,
300188.SZ,美亚柏科,20170509,17.7504,
300188.SZ,美亚柏科,20170510,16.8025,
300188.SZ,美亚柏科,20170511,16.5032,
300188.SZ,美亚柏科,20170512,16.4533,
300188.SZ,美亚柏科,20170515,18.0996,
300188.SZ,美亚柏科,20170516,17.8701,
300188.SZ,美亚柏科,20170517,17.93,
300188.SZ,美亚柏科,20170518,18.49,
300188.SZ,美亚柏科,20170519,18.07,
300188.SZ,美亚柏科,20170522,17.61,
300188.SZ,美亚柏科,20170523,16.71,
300188.SZ,美亚柏科,20170524,16.93,
300188.SZ,美亚柏科,20170525,17.1,
300188.SZ,美亚柏科,20170526,17.41,
300188.SZ,美亚柏科,20170531,17.4,
300188.SZ,美亚柏科,20170601,16.21,
300188.SZ,美亚柏科,20170602,16.58,
300188.SZ,美亚柏科,20170605,16.68,
300188.SZ,美亚柏科,20170606,16.76,
300188.SZ,美亚柏科,20170607,17.19,
300188.SZ,美亚柏科,20170608,17.3,
300188.SZ,美亚柏科,20170609,17.02,
300188.SZ,美亚柏科,20170612,16.55,
300188.SZ,美亚柏科,20170613,16.74,
300188.SZ,美亚柏科,20170614,16.75,
300188.SZ,美亚柏科,20170615,17.08,
300188.SZ,美亚柏科,20170616,17.2,
300188.SZ,美亚柏科,20170619,17.38,
300188.SZ,美亚柏科,20170620,17.38,
300188.SZ,美亚柏科,20170621,17.2,
300188.SZ,美亚柏科,20170622,17.05,
300188.SZ,美亚柏科,20170623,17.02,
300188.SZ,美亚柏科,20170626,17.21,
300188.SZ,美亚柏科,20170627,17.26,
300188.SZ,美亚柏科,20170628,17.33,
300188.SZ,美亚柏科,20170629,17.34,
300188.SZ,美亚柏科,20170630,17.29,
300188.SZ,美亚柏科,20170703,17.45,
300188.SZ,美亚柏科,20170704,17.87,
300188.SZ,美亚柏科,20170705,17.83,
300188.SZ,美亚柏科,20170706,17.75,
300188.SZ,美亚柏科,20170707,17.81,
300188.SZ,美亚柏科,20170710,17.49,
300188.SZ,美亚柏科,20170711,17.19,
300188.SZ,美亚柏科,20170712,17.06,
300188.SZ,美亚柏科,20170713,16.98,
300188.SZ,美亚柏科,20170714,16.94,
300188.SZ,美亚柏科,20170717,15.31,
300188.SZ,美亚柏科,20170718,15.57,
300188.SZ,美亚柏科,20170719,15.58,
300188.SZ,美亚柏科,20170720,15.55,
300188.SZ,美亚柏科,20170721,15.86,
300188.SZ,美亚柏科,20170724,16.18,
300188.SZ,美亚柏科,20170725,15.87,
300188.SZ,美亚柏科,20170726,16.18,
300188.SZ,美亚柏科,20170727,16.98,
300188.SZ,美亚柏科,20170728,16.57,
300188.SZ,美亚柏科,20170731,16.61,
300188.SZ,美亚柏科,20170801,16.64,
300188.SZ,美亚柏科,20170802,16.37,
300188.SZ,美亚柏科,20170803,16.75,
300188.SZ,美亚柏科,20170804,16.43,
300188.SZ,美亚柏科,20170807,16.48,
300188.SZ,美亚柏科,20170808,16.68,
300188.SZ,美亚柏科,20170809,16.68,
300188.SZ,美亚柏科,20170810,16.36,
300188.SZ,美亚柏科,20170811,16.6,
300188.SZ,美亚柏科,20170814,17.41,
300188.SZ,美亚柏科,20170815,17.51,
300188.SZ,美亚柏科,20170816,18.26,
300188.SZ,美亚柏科,20170817,18.68,
300188.SZ,美亚柏科,20170818,18.31,
300188.SZ,美亚柏科,20170821,18.41,
300188.SZ,美亚柏科,20170822,18.03,
300188.SZ,美亚柏科,20170823,18.09,
300188.SZ,美亚柏科,20170824,18.05,
300188.SZ,美亚柏科,20170825,18.64,
300188.SZ,美亚柏科,20170828,19.33,
300188.SZ,美亚柏科,20170829,18.99,
300188.SZ,美亚柏科,20170830,19.14,
300188.SZ,美亚柏科,20170831,18.89,
300188.SZ,美亚柏科,20170901,19.14,
300188.SZ,美亚柏科,20170904,19.08,
300188.SZ,美亚柏科,20170905,18.72,
300188.SZ,美亚柏科,20170906,18.98,
300188.SZ,美亚柏科,20170907,18.6,
300188.SZ,美亚柏科,20170908,18.35,
300188.SZ,美亚柏科,20170911,18.39,
300188.SZ,美亚柏科,20170912,18.18,
300188.SZ,美亚柏科,20170913,18.24,
300188.SZ,美亚柏科,20170914,18.1,
300188.SZ,美亚柏科,20170915,17.75,
300188.SZ,美亚柏科,20170918,17.98,
300188.SZ,美亚柏科,20170919,18.28,
300188.SZ,美亚柏科,20170920,18.26,
300188.SZ,美亚柏科,20170921,17.85,
300188.SZ,美亚柏科,20170922,18.12,
300188.SZ,美亚柏科,20170925,17.95,
300188.SZ,美亚柏科,20170926,17.56,
300188.SZ,美亚柏科,20170927,17.65,
300188.SZ,美亚柏科,20170928,17.45,
300188.SZ,美亚柏科,20170929,17.49,
300188.SZ,美亚柏科,20171009,17.87,
300188.SZ,美亚柏科,20171010,18.25,
300188.SZ,美亚柏科,20171011,18.21,
300188.SZ,美亚柏科,20171012,18.43,
300188.SZ,美亚柏科,20171013,18.5,
300188.SZ,美亚柏科,20171016,17.97,
300188.SZ,美亚柏科,20171017,17.88,
300188.SZ,美亚柏科,20171018,17.03,
300188.SZ,美亚柏科,20171019,16.94,
300188.SZ,美亚柏科,20171020,16.96,
300188.SZ,美亚柏科,20171023,17.09,
300188.SZ,美亚柏科,20171024,17.03,
300188.SZ,美亚柏科,20171025,17.33,
300188.SZ,美亚柏科,20171026,17.6,
300188.SZ,美亚柏科,20171027,17.41,
300188.SZ,美亚柏科,20171030,16.91,
300188.SZ,美亚柏科,20171031,16.89,
300188.SZ,美亚柏科,20171101,17.2,
300188.SZ,美亚柏科,20171102,17.9,
300188.SZ,美亚柏科,20171103,18.37,
300188.SZ,美亚柏科,20171106,18.55,
300188.SZ,美亚柏科,20171107,18.3,
300188.SZ,美亚柏科,20171108,19.3,
300188.SZ,美亚柏科,20171109,19.77,
300188.SZ,美亚柏科,20171110,19.58,
300188.SZ,美亚柏科,20171113,19.72,
300188.SZ,美亚柏科,20171114,20.18,
300188.SZ,美亚柏科,20171115,19.08,
300188.SZ,美亚柏科,20171116,19.7,
300188.SZ,美亚柏科,20171117,19.54,
300188.SZ,美亚柏科,20171120,19.97,
300188.SZ,美亚柏科,20171121,19.95,
300188.SZ,美亚柏科,20171122,19.7,
300188.SZ,美亚柏科,20171123,18.59,
300188.SZ,美亚柏科,20171124,18.02,
300188.SZ,美亚柏科,20171127,18.22,
300188.SZ,美亚柏科,20171128,19.06,
300188.SZ,美亚柏科,20171129,19.26,
300188.SZ,美亚柏科,20171130,18.95,
300188.SZ,美亚柏科,20171201,20.32,
300188.SZ,美亚柏科,20171204,19.8,
300188.SZ,美亚柏科,20171205,18.98,
300188.SZ,美亚柏科,20171206,19.7,
300188.SZ,美亚柏科,20171207,19.96,
300188.SZ,美亚柏科,20171208,20.13,
300188.SZ,美亚柏科,20171211,21.19,
300188.SZ,美亚柏科,20171212,21.23,
300188.SZ,美亚柏科,20171213,21.74,
300188.SZ,美亚柏科,20171214,22.53,
300188.SZ,美亚柏科,20171215,22.12,
300188.SZ,美亚柏科,20171218,21.68,
300188.SZ,美亚柏科,20171219,21.8,
300188.SZ,美亚柏科,20171220,21.39,
300188.SZ,美亚柏科,20171221,21.27,
300188.SZ,美亚柏科,20171222,21.01,
300188.SZ,美亚柏科,20171225,21.65,
300188.SZ,美亚柏科,20171226,21.56,
300188.SZ,美亚柏科,20171227,21.39,
300188.SZ,美亚柏科,20171228,19.87,
300188.SZ,美亚柏科,20171229,19.98,
300188.SZ,美亚柏科,20180102,20.27,
300188.SZ,美亚柏科,20180103,20.31,
300188.SZ,美亚柏科,20180104,20.59,
300188.SZ,美亚柏科,20180105,20.66,
300188.SZ,美亚柏科,20180108,20.14,
300188.SZ,美亚柏科,20180109,20.02,
300188.SZ,美亚柏科,20180110,20.83,
300188.SZ,美亚柏科,20180111,21.37,
300188.SZ,美亚柏科,20180112,20.65,
300188.SZ,美亚柏科,20180115,19.75,
300188.SZ,美亚柏科,20180116,18.95,
300188.SZ,美亚柏科,20180117,18.86,
300188.SZ,美亚柏科,20180118,18.97,
300188.SZ,美亚柏科,20180119,18.93,
300188.SZ,美亚柏科,20180122,19.8,
300188.SZ,美亚柏科,20180123,19.49,
300188.SZ,美亚柏科,20180124,20.24,
300188.SZ,美亚柏科,20180125,20.14,
300188.SZ,美亚柏科,20180126,20.49,
300188.SZ,美亚柏科,20180129,20.15,
300188.SZ,美亚柏科,20180130,20.24,
300188.SZ,美亚柏科,20180131,20.54,
300188.SZ,美亚柏科,20180201,20.72,
300188.SZ,美亚柏科,20180202,20.45,
300188.SZ,美亚柏科,20180205,19.67,
300188.SZ,美亚柏科,20180206,18.5,
300188.SZ,美亚柏科,20180207,18.91,
300188.SZ,美亚柏科,20180208,20.18,
300188.SZ,美亚柏科,20180209,19.86,
300188.SZ,美亚柏科,20180212,21.28,
300188.SZ,美亚柏科,20180213,21.52,
300188.SZ,美亚柏科,20180214,21.4,
300188.SZ,美亚柏科,20180222,21.94,
300188.SZ,美亚柏科,20180223,21.17,
300188.SZ,美亚柏科,20180226,22.28,
300188.SZ,美亚柏科,20180227,22.25,
300188.SZ,美亚柏科,20180228,23.28,
300188.SZ,美亚柏科,20180301,24.45,
300188.SZ,美亚柏科,20180302,23.85,
300188.SZ,美亚柏科,20180305,24.3,
300188.SZ,美亚柏科,20180306,23.76,
300188.SZ,美亚柏科,20180307,23.78,
300188.SZ,美亚柏科,20180308,23.79,
300188.SZ,美亚柏科,20180309,25.6,
300188.SZ,美亚柏科,20180312,25.68,
300188.SZ,美亚柏科,20180313,25.29,
300188.SZ,美亚柏科,20180314,24.12,
300188.SZ,美亚柏科,20180315,24.8,
300188.SZ,美亚柏科,20180316,24.31,
300188.SZ,美亚柏科,20180319,24.72,
300188.SZ,美亚柏科,20180320,25.4,
300188.SZ,美亚柏科,20180321,24.55,
300188.SZ,美亚柏科,20180322,24.55,
300188.SZ,美亚柏科,20180323,24.37,
300188.SZ,美亚柏科,20180326,26.81,
